version https://git-lfs.github.com/spec/v1
oid sha256:032b6dd9c2ef67c5daac26ce5851f17cde8be5c3297093744b891dc22d9cc884
size 464649
